              precision    recall  f1-score   support

           0       0.33      0.50      0.40        10
           1       0.22      0.22      0.22         9
           2       0.43      0.43      0.43         7
           3       0.71      0.42      0.53        12
           4       0.44      0.31      0.36        13
           5       1.00      0.57      0.73         7
           6       0.60      0.38      0.46         8
           7       0.44      0.44      0.44         9
           8       0.55      0.50      0.52        12
           9       0.45      0.56      0.50         9
          10       0.75      0.75      0.75         4
          11       0.40      0.50      0.44         8
          12       0.88      0.70      0.78        10
          13       0.50      0.36      0.42        11
          14       0.75      0.25      0.38        12
          15       0.64      0.78      0.70         9
          16       0.40      0.57      0.47         7
          17       0.32      0.86      0.46         7
          18       0.67      0.29      0.40         7
          19       0.50      1.00      0.67         3
          20       0.33      0.40      0.36        10
          21       0.67      0.44      0.53         9
          22       0.54      0.64      0.58        11
          23       0.58      0.78      0.67         9
          24       0.56      0.42      0.48        12
          25       0.31      0.80      0.44         5
          26       0.56      0.56      0.56         9
          27       0.50      0.25      0.33         8
          28       0.60      0.33      0.43         9
          29       0.67      0.31      0.42        13
          30       0.56      0.50      0.53        10
          31       0.71      0.62      0.67         8
          32       0.38      0.67      0.48         9
          33       0.71      0.56      0.63         9
          34       0.57      0.44      0.50         9
          35       0.75      0.75      0.75         8
          36       0.50      0.50      0.50         4
          37       0.62      0.83      0.71         6
          38       0.20      0.20      0.20         5
          39       1.00      0.33      0.50         6
          40       0.45      0.56      0.50         9
          41       0.64      1.00      0.78         7
          42       0.43      0.50      0.46         6
          43       0.44      0.70      0.54        10
          44       0.57      0.57      0.57         7
          45       0.67      0.36      0.47        11
          46       0.33      0.38      0.35         8
          47       0.27      0.38      0.32         8
          48       0.67      0.40      0.50         5
          49       0.56      0.62      0.59         8

    accuracy                           0.50       422
   macro avg       0.55      0.52      0.51       422
weighted avg       0.55      0.50      0.50       422
